AK-01,-6.593775423042383,106.7937392694265,-6.594360730573512,106.79457542304239
AK-01,-6.594360730573512,106.79457542304239,-6.59436401997927,106.79463885143448
AK-01,-6.59436401997927,106.79463885143448,-6.5929611485655055,106.79716401997928
AK-01,-6.5929611485655055,106.79716401997928,-6.592950343646684,106.79743241694219
AK-01,-6.592950343646684,106.79743241694219,-6.593367583057823,106.79835034364669
AK-01,-6.593367583057823,106.79835034364669,-6.593365143046212,106.79844258640647
AK-01,-6.593365143046212,106.79844258640647,-6.592157413593541,106.8007651430462
AK-01,-6.592157413593541,106.8007651430462,-6.592149232691743,106.80103199500147
AK-01,-6.592149232691743,106.80103199500147,-6.592468004998533,106.80174923269175
AK-01,-6.592468004998533,106.80174923269175,-6.592585928049106,106.80194071950895
AK-01,-6.592585928049106,106.80194071950895,-6.593359280491054,106.80288592804911
AK-01,-6.593359280491054,106.80288592804911,-6.593531799936399,106.8030377997244
AK-01,-6.593531799936399,106.8030377997244,-6.595762200275599,106.80443179993641
AK-01,-6.595762200275599,106.80443179993641,-6.595982945013081,106.8045145431133
AK-01,-6.595982945013081,106.8045145431133,-6.6007854568866975,106.80528294501309
AK-01,-6.6007854568866975,106.80528294501309,-6.601039497166492,106.80522324952774
AK-01,-6.601039497166492,106.80522324952774,-6.601576750472252,106.80483949716648
AK-01,-6.601576750472252,106.80483949716648,-6.601718835891634,106.80462333168282
AK-01,-6.601718835891634,106.80462333168282,-6.6027766683171825,106.79971883589164
AK-01,-6.6027766683171825,106.79971883589164,-6.602834164078649,106.79955527864044
AK-01,-6.602834164078649,106.79955527864044,-6.60314472135955,106.79893416407864
AK-01,-6.60314472135955,106.79893416407864,-6.603141590019593,106.79893516756367
AK-01,-6.603141590019593,106.79893516756367,-6.604664832436324,106.7997415900196
AK-01,-6.604664832436324,106.7997415900196,-6.604813622298276,106.79984076374885
AK-01,-6.604813622298276,106.79984076374885,-6.608059236251153,106.80251362229826
AK-01,-6.608059236251153,106.80251362229826,-6.608192567058537,106.80264122588778
AK-01,-6.608192567058537,106.80264122588778,-6.611658774112213,106.80649256705853
AK-01,-6.611658774112213,106.80649256705853,-6.611813408030463,106.80664078431987
AK-01,-6.611813408030463,106.80664078431987,-6.616259215680137,106.81031340803045
AK-01,-6.616259215680137,106.81031340803045,-6.616391067154823,106.81044113895379
AK-01,-6.616391067154823,106.81044113895379,-6.61995886104621,106.81449106715482
AK-01,-6.61995886104621,106.81449106715482,-6.620226491106407,106.81443675444679
AK-01,-6.620226491106407,106.81443675444679,-6.6208632455532035,106.81252649110641
AK-01,-6.6208632455532035,106.81252649110641,-6.620903632649427,106.81249623031732
AK-01,-6.620903632649427,106.81249623031732,-6.623403769682675,106.81240363264942
AK-01,-6.623403769682675,106.81240363264942,-6.623612594337278,106.81221442830366
AK-01,-6.623612594337278,106.81221442830366,-6.623885571696332,106.81021259433729
AK-01,-6.623885571696332,106.81021259433729,-6.623921267812519,106.81017276068752
AK-01,-6.623921267812519,106.81017276068752,-6.624527239312489,106.81002126781252
AK-01,-6.624527239312489,106.81002126781252,-6.6247386750490564,106.80987226499018
AK-01,-6.6247386750490564,106.80987226499018,-6.625027735009812,106.80943867504905
AK-01,-6.625027735009812,106.80943867504905,-6.624999999999997,106.80915857864376
AK-01,-6.624999999999997,106.80915857864376,-6.624941421356237,106.8091
AK-01,-6.624941421356237,106.8091,-6.624899999999999,106.8092
AK-01,-6.624899999999999,106.8092,-6.625,106.8092
AK-01,-6.625,106.8092,-6.625041479426402,106.80922874526192
AK-01,-6.625041479426402,106.80922874526192,-6.625271254738084,106.80984147942641
AK-01,-6.625271254738084,106.80984147942641,-6.625455708601452,106.81002998673674
AK-01,-6.625455708601452,106.81002998673674,-6.625770013263275,106.81015570860146
AK-01,-6.625770013263275,106.81015570860146,-6.625982199493652,106.8099849207089
AK-01,-6.625982199493652,106.8099849207089,-6.625915079291113,106.80958219949365
AK-01,-6.625915079291113,106.80958219949365,-6.625941421356237,106.8095
AK-01,-6.625941421356237,106.8095,-6.626000000000003,106.80944142135623
AK-01,-6.626000000000003,106.80944142135623,-6.625999999999998,106.80944142135623
AK-01,-6.625999999999998,106.80944142135623,-6.626258578643763,106.8097
AK-01,-6.626258578643763,106.8097,-6.626457436652691,106.80982923246856
AK-01,-6.626457436652691,106.80982923246856,-6.6275707675314495,106.81025743665268
AK-01,-6.6275707675314495,106.81025743665268,-6.627815856889272,106.8101189001775
AK-01,-6.627815856889272,106.8101189001775,-6.628081099822491,106.80861585688926
AK-01,-6.628081099822491,106.80861585688926,-6.6281150792911125,106.80858219949364
AK-01,-6.6281150792911125,106.80858219949364,-6.628517800506344,106.80851507929111
AK-01,-6.628517800506344,106.80851507929111,-6.628652522573144,106.80826869356714
AK-01,-6.628652522573144,106.80826869356714,-6.6284313064328595,106.80775252257314
AK-01,-6.6284313064328595,106.80775252257314,-6.6284414213562375,106.8077
AK-01,-6.6284414213562375,106.8077,-6.628699999999999,106.80744142135623
AK-01,-6.628699999999999,106.80744142135623,-6.628756803513383,106.80717048798948
AK-01,-6.628756803513383,106.80717048798948,-6.627229512010514,106.80325680351339
AK-01,-6.627229512010514,106.80325680351339,-6.627053823063011,106.80306632991923
AK-01,-6.627053823063011,106.80306632991923,-6.62353367008076,106.80135382306301
AK-01,-6.62353367008076,106.80135382306301,-6.623450767308257,106.80126800499853
AK-01,-6.623450767308257,106.80126800499853,-6.623131995001467,106.80055076730825
AK-01,-6.623131995001467,106.80055076730825,-6.622890545909077,106.80041044665288
AK-01,-6.622890545909077,106.80041044665288,-6.622089553347118,106.80049054590907
AK-01,-6.622089553347118,106.80049054590907,-6.622061017021585,106.80047241895487
AK-01,-6.622061017021585,106.80047241895487,-6.6215275810451315,106.7989610170216
AK-01,-6.6215275810451315,106.7989610170216,-6.621338982978416,106.79902758104514
AK-01,-6.621338982978416,106.79902758104514,-6.621872418954869,106.80053898297841
AK-01,-6.621872418954869,106.80053898297841,-6.622109454090923,106.80068955334713
AK-01,-6.622109454090923,106.80068955334713,-6.622910446652882,106.80060945409093
AK-01,-6.622910446652882,106.80060945409093,-6.623129232468552,106.80044256334732
AK-01,-6.623129232468552,106.80044256334732,-6.62355743665269,106.79932923246855
AK-01,-6.62355743665269,106.79932923246855,-6.623472264990189,106.79906132495094
AK-01,-6.623472264990189,106.79906132495094,-6.622738675049057,106.79857226499017
AK-01,-6.622738675049057,106.79857226499017,-6.622739497166492,106.79857675047225
AK-01,-6.622739497166492,106.79857675047225,-6.623123249527748,106.79803949716649
AK-01,-6.623123249527748,106.79803949716649,-6.6230668168175795,106.79776252681569
AK-01,-6.6230668168175795,106.79776252681569,-6.62143747318431,106.7967668168176
AK-01,-6.62143747318431,106.7967668168176,-6.621221553545945,106.79668233031893
AK-01,-6.621221553545945,106.79668233031893,-6.619917669681083,106.79642155354594
AK-01,-6.619917669681083,106.79642155354594,-6.619675482582921,106.79643295216003
AK-01,-6.619675482582921,106.79643295216003,-6.617867047839965,106.79697548258292
AK-01,-6.617867047839965,106.79697548258292,-6.617720477354147,106.79721694506743
AK-01,-6.617720477354147,106.79721694506743,-6.618083054932569,106.79912047735414
AK-01,-6.618083054932569,106.79912047735414,-6.61806583592135,106.79924472135956
AK-01,-6.61806583592135,106.79924472135956,-6.617855278640449,106.79966583592136
AK-01,-6.617855278640449,106.79966583592136,-6.617761324950944,106.79977226499018
AK-01,-6.617761324950944,106.79977226499018,-6.615527735009811,106.80126132495094
AK-01,-6.615527735009811,106.80126132495094,-6.61536165680331,106.80142934552657
AK-01,-6.61536165680331,106.80142934552657,-6.61417065447343,106.80326165680331
AK-01,-6.61417065447343,106.80326165680331,-6.614173937665434,106.80326100088232
AK-01,-6.614173937665434,106.80326100088232,-6.612438999117685,106.80207393766544
AK-01,-6.612438999117685,106.80207393766544,-6.612347292693844,106.80196672059007
AK-01,-6.612347292693844,106.80196672059007,-6.611433279409922,106.80004729269385
AK-01,-6.611433279409922,106.80004729269385,-6.611310524566699,106.79985897080623
AK-01,-6.611310524566699,106.79985897080623,-6.608341029193772,106.79641052456671
AK-01,-6.608341029193772,106.79641052456671,-6.6082632455532035,106.79627350889359
AK-01,-6.6082632455532035,106.79627350889359,-6.607826491106407,106.7949632455532
AK-01,-6.607826491106407,106.7949632455532,-6.6075758468174435,106.79483228008225
AK-01,-6.6075758468174435,106.79483228008225,-6.606067719917758,106.79527584681745
AK-01,-6.606067719917758,106.79527584681745,-6.605859586010925,106.79538315032131
AK-01,-6.605859586010925,106.79538315032131,-6.604616849678689,106.79635958601091
AK-01,-6.604616849678689,106.79635958601091,-6.60455527864045,106.79636583592135
AK-01,-6.60455527864045,106.79636583592135,-6.603934164078649,106.79605527864044
AK-01,-6.603934164078649,106.79605527864044,NaN,NaN
AK-01,NaN,NaN,NaN,NaN
AK-01,NaN,NaN,-6.603738402382824,106.79597269825784
AK-01,-6.603738402382824,106.79597269825784,-6.597027301742164,106.79363840238283
AK-01,-6.597027301742164,106.79363840238283,-6.596972760687511,106.79357873218748
AK-01,-6.596972760687511,106.79357873218748,-6.596021267812518,106.78977276068751
AK-01,-6.596021267812518,106.78977276068751,-6.595966169315989,106.78957501351424
AK-01,-6.595966169315989,106.78957501351424,-6.595624986485756,106.788466169316
AK-01,-6.595624986485756,106.788466169316,-6.59561163126113,106.78831317568579
AK-01,-6.59561163126113,106.78831317568579,-6.595686824314212,106.78771163126113
AK-01,-6.595686824314212,106.78771163126113,-6.595546153846154,106.78746923076922
AK-01,-6.595546153846154,106.78746923076922,-6.59333076923077,106.78654615384616
AK-01,-6.59333076923077,106.78654615384616,-6.593092040876191,106.78669135002784
AK-01,-6.593092040876191,106.78669135002784,-6.593008649972161,106.7876920408762
AK-01,-6.593008649972161,106.7876920408762,-6.5930036328676165,106.78769649456152
AK-01,-6.5930036328676165,106.78769649456152,-6.590403505438486,106.78760363286762
AK-01,-6.590403505438486,106.78760363286762,-6.5902108207357255,106.7878097590945
AK-01,-6.5902108207357255,106.7878097590945,-6.590490240905509,106.79051082073572
AK-01,-6.590490240905509,106.79051082073572,-6.590718530829417,106.79067713911121
AK-01,-6.590718530829417,106.79067713911121,-6.595722860888793,106.78961853082943
AK-01,-6.595722860888793,106.78961853082943,-6.595727239312489,106.78962126781252
AK-01,-6.595727239312489,106.78962126781252,-6.596178732187481,106.79142723931248
AK-01,-6.596178732187481,106.79142723931248,-6.59617824660276,106.79142805481072
AK-01,-6.59617824660276,106.79142805481072,-6.592871945189279,106.79227824660276
AK-01,-6.592871945189279,106.79227824660276,-6.5926935695831625,106.79249312661474
AK-01,-6.5926935695831625,106.79249312661474,-6.592606873385266,106.79379356958316
AK-01,-6.592606873385266,106.79379356958316,-6.5927999999999995,106.794
AK-01,-6.5927999999999995,106.794,-6.593100000000001,106.794
AK-01,-6.593100000000001,106.794,-6.593334164078651,106.79394472135955
AK-01,-6.593334164078651,106.79394472135955,-6.593755278640449,106.79373416407864
AK-01,-6.597060153804658,106.79354395270315,-6.593775423042383,106.7937392694265
AK-02,-6.603771254445317,106.79587824857816,-6.597060153804658,106.79354395270315
AK-02,-6.597060153804658,106.79354395270315,-6.597069774937526,106.79355447862498
AK-02,-6.597069774937526,106.79355447862498,-6.596118282062533,106.78974850712501
AK-02,-6.596118282062533,106.78974850712501,-6.596061747216861,106.78954560492934
AK-02,-6.596061747216861,106.78954560492934,-6.595720564386628,106.7884367607311
AK-02,-6.595720564386628,106.7884367607311,-6.595710859048802,106.78832557915923
AK-02,-6.595710859048802,106.78832557915923,-6.595786052101884,106.78772403473458
AK-02,-6.595786052101884,106.78772403473458,-6.5956895533471185,106.78749054590907
AK-02,-6.5956895533471185,106.78749054590907,-6.595409454090923,106.78468955334712
AK-02,-6.595409454090923,106.78468955334712,-6.595350155682784,106.78446777138174
AK-02,-6.595350155682784,106.78446777138174,-6.594532228618251,106.78265015568279
AK-02,-6.594532228618251,106.78265015568279,-6.594541421356237,106.7826
AK-02,-6.594541421356237,106.7826,-6.596300000000001,106.78084142135623
AK-02,-6.596300000000001,106.78084142135623,-6.596382199493653,106.78058492070889
AK-02,-6.596382199493653,106.78058492070889,-6.596215079291113,106.77958219949365
AK-02,-6.596215079291113,106.77958219949365,-6.59609190633082,106.77935881043764
AK-02,-6.59609190633082,106.77935881043764,-6.587941189562359,106.77209190633081
AK-02,-6.587941189562359,106.77209190633081,-6.58780809366918,106.77224118956235
AK-02,-6.58780809366918,106.77224118956235,-6.59595881043764,106.77950809366918
AK-02,-6.59595881043764,106.77950809366918,-6.596017800506347,106.7796150792911
AK-02,-6.596017800506347,106.7796150792911,-6.596184920708887,106.78061780050635
AK-02,-6.596184920708887,106.78061780050635,-6.596158578643763,106.7807
AK-02,-6.596158578643763,106.7807,-6.594399999999999,106.78245857864377
AK-02,-6.594399999999999,106.78245857864377,-6.594349844317216,106.78273222861826
AK-02,-6.594349844317216,106.78273222861826,-6.59516777138175,106.78454984431721
AK-02,-6.59516777138175,106.78454984431721,-6.595210446652882,106.78470945409093
AK-02,-6.595210446652882,106.78470945409093,-6.595490545909077,106.78751044665287
AK-02,-6.595490545909077,106.78751044665287,-6.595584615384615,106.78737692307692
AK-02,-6.595584615384615,106.78737692307692,-6.59336923076923,106.78645384615386
AK-02,-6.59336923076923,106.78645384615386,-6.5929923863003665,106.78668304547986
AK-02,-6.5929923863003665,106.78668304547986,-6.5929089953963365,106.78768373632822
AK-02,-6.5929089953963365,106.78768373632822,-6.593172760687511,106.78792126781252
AK-02,-6.593172760687511,106.78792126781252,-6.595378732187482,106.78847276068751
AK-02,-6.595378732187482,106.78847276068751,-6.595433830684012,106.78852498648575
AK-02,-6.595433830684012,106.78852498648575,-6.5957750135142446,106.789633830684
AK-02,-6.5957750135142446,106.789633830684,-6.595827239312489,106.78982126781251
AK-02,-6.595827239312489,106.78982126781251,-6.596778732187482,106.79362723931249
AK-02,-6.596778732187482,106.79362723931249,-6.5967712547380835,106.79364147942641
AK-02,-6.5967712547380835,106.79364147942641,-6.594558520573598,106.79447125473808
AK-02,-6.594558520573598,106.79447125473808,-6.594276604251658,106.79459028714138
AK-02,-6.594276604251658,106.79459028714138,-6.5928737328378935,106.79711545568617
AK-02,-6.5928737328378935,106.79711545568617,-6.592859306998938,106.79747379723662
AK-02,-6.592859306998938,106.79747379723662,-6.5932765464100775,106.79839172394112
AK-02,-6.5932765464100775,106.79839172394112,-6.593276421366088,106.7983964511328
AK-02,-6.593276421366088,106.7983964511328,-6.5920686919134175,106.80071900777254
AK-02,-6.5920686919134175,106.80071900777254,-6.592057851536881,106.80107260884807
AK-02,-6.592057851536881,106.80107260884807,-6.592376623843671,106.80178984653836
AK-02,-6.592376623843671,106.80178984653836,-6.592508532319186,106.80200404328797
AK-02,-6.592508532319186,106.80200404328797,-6.593281884761134,106.80294925182812
AK-02,-6.593281884761134,106.80294925182812,-6.593478800042399,106.8031225995548
AK-02,-6.593478800042399,106.8031225995548,-6.595709200381599,106.80451659976681
AK-02,-6.595709200381599,106.80451659976681,-6.5959671459629705,106.8046132871765
AK-02,-6.5959671459629705,106.8046132871765,-6.600769657836587,106.80538168907628
AK-02,-6.600769657836587,106.80538168907628,-6.601097620985865,106.80530462287487
AK-02,-6.601097620985865,106.80530462287487,-6.601634874291625,106.80492087051361
AK-02,-6.601634874291625,106.80492087051361,-6.601816587996042,106.80464441547004
AK-02,-6.601816587996042,106.80464441547004,-6.602874420421591,106.79973991967886
AK-02,-6.602874420421591,106.79973991967886,-6.6029236067977495,106.7996
AK-02,-6.6029236067977495,106.7996,-6.603234164078651,106.7989788854382
AK-02,-6.603234164078651,106.7989788854382,-6.6030948012475505,106.79902354635531
AK-02,-6.6030948012475505,106.79902354635531,-6.604618043664281,106.79982996881124
AK-02,-6.604618043664281,106.79982996881124,-6.6047500515729896,106.79991795677242
AK-02,-6.6047500515729896,106.79991795677242,-6.607995665525866,106.80259081532184
AK-02,-6.607995665525866,106.80259081532184,-6.608118237643913,106.80270812236095
AK-02,-6.608118237643913,106.80270812236095,-6.611584444697589,106.8065594635317
AK-02,-6.611584444697589,106.8065594635317,-6.611749719885763,106.80671788049503
AK-02,-6.611749719885763,106.80671788049503,-6.616195527535437,106.81039050420561
AK-02,-6.616195527535437,106.81039050420561,-6.616316031255339,106.8105072420081
AK-02,-6.616316031255339,106.8105072420081,-6.619883825146726,106.81455717020913
AK-02,-6.619883825146726,106.81455717020913,-6.620321359436212,106.81446837722339
AK-02,-6.620321359436212,106.81446837722339,-6.620958113883009,106.81255811388301
AK-02,-6.620958113883009,106.81255811388301,-6.620907333815478,106.8125961618007
AK-02,-6.620907333815478,106.8125961618007,-6.623407470848726,106.8125035641328
AK-02,-6.623407470848726,106.8125035641328,-6.623711677354082,106.81222793962414
AK-02,-6.623711677354082,106.81222793962414,-6.623984654713136,106.81022610565776
AK-02,-6.623984654713136,106.81022610565776,-6.623945521375024,106.81026977493754
AK-02,-6.623945521375024,106.81026977493754,-6.6245514928749945,106.81011828206253
AK-02,-6.6245514928749945,106.81011828206253,-6.62482188007849,106.80992773500981
AK-02,-6.62482188007849,106.80992773500981,-6.625110940039246,106.80949414506868
AK-02,-6.625110940039246,106.80949414506868,-6.624984382623811,106.80915944361429
AK-02,-6.624984382623811,106.80915944361429,-6.6246405563857005,106.8088843826238
AK-02,-6.6246405563857005,106.8088843826238,-6.6244116547791405,106.80878956847391
AK-02,-6.6244116547791405,106.80878956847391,-6.621910431526075,106.80851165477914
AK-02,-6.621910431526075,106.80851165477914,-6.6218525225731435,106.80846869356714
AK-02,-6.6218525225731435,106.80846869356714,-6.62163130643286,106.80795252257315
AK-02,-6.62163130643286,106.80795252257315,-6.6214409565595105,106.80777149368835
AK-02,-6.6214409565595105,106.80777149368835,-6.618928506311655,106.8068409565595
AK-02,-6.618928506311655,106.8068409565595,-6.618797114450715,106.80675860808508
AK-02,-6.618797114450715,106.80675860808508,-6.616441391914922,106.80449711445071
AK-02,-6.616441391914922,106.80449711445071,-6.6162578175459394,106.80436501614702
AK-02,-6.6162578175459394,106.80436501614702,-6.614334983852996,106.80335781754593
AK-02,-6.614334983852996,106.80335781754593,-6.614230406056993,106.80317847015618
AK-02,-6.614230406056993,106.80317847015618,-6.612495467509244,106.80199140693931
AK-02,-6.612495467509244,106.80199140693931,-6.612437578745726,106.80192372723204
AK-02,-6.612437578745726,106.80192372723204,-6.611523565461804,106.80000429933581
AK-02,-6.611523565461804,106.80000429933581,-6.611386301446934,106.7997937184927
AK-02,-6.611386301446934,106.7997937184927,-6.608416806074007,106.79634527225318
AK-02,-6.608416806074007,106.79634527225318,-6.608358113883009,106.79624188611699
AK-02,-6.608358113883009,106.79624188611699,-6.6079213594362125,106.7949316227766
AK-02,-6.6079213594362125,106.7949316227766,-6.607547630185044,106.79473634353208
AK-02,-6.607547630185044,106.79473634353208,-6.606039503285358,106.79517991026728
AK-02,-6.606039503285358,106.79517991026728,-6.605797803855731,106.79530451848744
AK-02,-6.605797803855731,106.79530451848744,-6.604555067523496,106.79628095417704
AK-02,-6.604555067523496,106.79628095417704,-6.6046,106.79627639320225
AK-02,-6.6046,106.79627639320225,-6.603978885438199,106.79596583592134
AK-02,-6.597093005867152,106.79344950302348,-6.603771254445317,106.79587824857816
AK-03,-6.603804106507812,106.7957837988985,-6.597093005867152,106.79344950302348
AK-03,-6.597093005867152,106.79344950302348,-6.59716678918754,106.79353022506247
AK-03,-6.59716678918754,106.79353022506247,-6.596215296312547,106.7897242535625
AK-03,-6.596215296312547,106.7897242535625,-6.5961573251177334,106.78951619634447
AK-03,-6.5961573251177334,106.78951619634447,-6.595816142287501,106.78840735214622
AK-03,-6.595816142287501,106.78840735214622,-6.595810086836473,106.7883379826327
AK-03,-6.595810086836473,106.7883379826327,-6.595885279889555,106.78773643820804
AK-03,-6.595885279889555,106.78773643820804,-6.595789057066139,106.78748059553716
AK-03,-6.595789057066139,106.78748059553716,-6.595508957809944,106.78467960297522
AK-03,-6.595508957809944,106.78467960297522,-6.595441347833302,106.784426734914
AK-03,-6.595441347833302,106.784426734914,-6.594623420768769,106.78260911921505
AK-03,-6.594623420768769,106.78260911921505,-6.594612132034356,106.78267071067812
AK-03,-6.594612132034356,106.78267071067812,-6.596370710678119,106.78091213203435
AK-03,-6.596370710678119,106.78091213203435,-6.596480838886037,106.78056848081016
AK-03,-6.596480838886037,106.78056848081016,-6.596313718683497,106.77956575959492
AK-03,-6.596313718683497,106.77956575959492,-6.596158454277409,106.77928416882187
AK-03,-6.596158454277409,106.77928416882187,-6.588007737508949,106.77201726471505
AK-03,-6.588007737508949,106.77201726471505,-6.58774154572259,106.77231583117812
AK-03,-6.58774154572259,106.77231583117812,-6.59589226249105,106.77958273528495
AK-03,-6.59589226249105,106.77958273528495,-6.595919161113963,106.77963151918983
AK-03,-6.595919161113963,106.77963151918983,-6.596086281316503,106.78063424040508
AK-03,-6.596086281316503,106.78063424040508,-6.596087867965645,106.78062928932188
AK-03,-6.596087867965645,106.78062928932188,-6.594329289321881,106.78238786796565
AK-03,-6.594329289321881,106.78238786796565,-6.594258652166698,106.78277326508599
AK-03,-6.594258652166698,106.78277326508599,-6.595076579231232,106.78459088078495
AK-03,-6.595076579231232,106.78459088078495,-6.595110942933861,106.78471940446283
AK-03,-6.595110942933861,106.78471940446283,-6.595391042190056,106.78752039702478
AK-03,-6.595391042190056,106.78752039702478,-6.595623076923077,106.7872846153846
AK-03,-6.595623076923077,106.7872846153846,-6.593407692307692,106.78636153846155
AK-03,-6.593407692307692,106.78636153846155,-6.592892731724541,106.78667474093187
AK-03,-6.592892731724541,106.78667474093187,-6.592809340820511,106.78767543178023
AK-03,-6.592809340820511,106.78767543178023,-6.593148507125008,106.78801828206254
AK-03,-6.593148507125008,106.78801828206254,-6.595354478624979,106.78856977493753
AK-03,-6.595354478624979,106.78856977493753,-6.59533825278314,106.78855439507065
AK-03,-6.59533825278314,106.78855439507065,-6.5956794356133726,106.78966323926889
AK-03,-6.5956794356133726,106.78966323926889,-6.595730225062474,106.78984552137501
AK-03,-6.595730225062474,106.78984552137501,-6.596681717937467,106.79365149287499
AK-03,-6.596681717937467,106.79365149287499,-6.596736142393925,106.79354784650866
AK-03,-6.596736142393925,106.79354784650866,-6.594523408229439,106.79437762182033
AK-03,-6.594523408229439,106.79437762182033,-6.594189188524046,106.79454172284825
AK-03,-6.594189188524046,106.79454172284825,-6.592786317110281,106.79706689139304
AK-03,-6.592786317110281,106.79706689139304,-6.592768270351192,106.79751517753104
AK-03,-6.592768270351192,106.79751517753104,-6.593185509762331,106.79843310423554
AK-03,-6.593185509762331,106.79843310423554,-6.593187699685965,106.79835031585914
AK-03,-6.593187699685965,106.79835031585914,-6.591979970233294,106.80067287249888
AK-03,-6.591979970233294,106.80067287249888,-6.591966470382019,106.80111322269468
AK-03,-6.591966470382019,106.80111322269468,-6.592285242688809,106.80183046038496
AK-03,-6.592285242688809,106.80183046038496,-6.592468693567141,106.80174747742686
AK-03,-6.592468693567141,106.80174747742686,-6.591952522573144,106.80196869356713
AK-03,-6.591952522573144,106.80196869356713,-6.5918,106.80199999999999
AK-03,-6.5918,106.80199999999999,-6.5912999999999995,106.80199999999999
AK-03,-6.5912999999999995,106.80199999999999,-6.591146153846154,106.80196923076922
AK-03,-6.591146153846154,106.80196923076922,-6.590130769230769,106.80154615384615
AK-03,-6.590130769230769,106.80154615384615,-6.589876375492445,106.80153131971802
AK-03,-6.589876375492445,106.80153131971802,-6.589368680281972,106.80167637549245
AK-03,-6.589368680281972,106.80167637549245,-6.589159159432073,106.801812803688
AK-03,-6.589159159432073,106.801812803688,-6.588787196312006,106.80225915943207
AK-03,-6.588787196312006,106.80225915943207,-6.588661324950944,106.80242773500981
AK-03,-6.588661324950944,106.80242773500981,-6.5883722649901895,106.80286132495095
AK-03,-6.5883722649901895,106.80286132495095,-6.588291357104749,106.80309053574604
AK-03,-6.588291357104749,106.80309053574604,-6.588209464253957,106.80399135710476
AK-03,-6.588209464253957,106.80399135710476,-6.588241479426402,106.80422874526192
AK-03,-6.588241479426402,106.80422874526192,-6.588471254738084,106.80484147942641
AK-03,-6.588471254738084,106.80484147942641,-6.588707959123809,106.80499135002783
AK-03,-6.588707959123809,106.80499135002783,-6.592108649972161,106.8047079591238
AK-03,-6.592108649972161,106.8047079591238,-6.592305251753129,106.80469445670153
AK-03,-6.592305251753129,106.80469445670153,-6.595805543298474,106.80450525175313
AK-03,-6.595805543298474,106.80450525175313,-6.595951346912861,106.80471203123967
AK-03,-6.595951346912861,106.80471203123967,-6.600753858786477,106.80548043313946
AK-03,-6.600753858786477,106.80548043313946,-6.600947902166587,106.80533306157385
AK-03,-6.600947902166587,106.80533306157385,-6.604166938426147,106.80684790216658
AK-03,-6.604166938426147,106.80684790216658,-6.604162684867751,106.80683383126447
AK-03,-6.604162684867751,106.80683383126447,-6.601666168735533,106.81096268486775
AK-03,-6.601666168735533,106.81096268486775,-6.601839269426488,106.81107542304238
AK-03,-6.601839269426488,106.81107542304238,-6.604524576957615,106.8072392694265
AK-03,-6.604524576957615,106.8072392694265,-6.6045115531687175,106.80724094865836
AK-03,-6.6045115531687175,106.80724094865836,-6.607659051341644,106.80991155316872
AK-03,-6.607659051341644,106.80991155316872,-6.607827735009811,106.81003867504906
AK-03,-6.607827735009811,106.81003867504906,-6.608561324950943,106.81052773500983
AK-03,-6.608561324950943,106.81052773500983,-6.608689153477109,106.81035899520242
AK-03,-6.608689153477109,106.81035899520242,-6.606741004797582,106.8086891534771
AK-03,-6.606741004797582,106.8086891534771,-6.60673130643286,106.80864747742686
AK-03,-6.60673130643286,106.80864747742686,-6.606952522573144,106.80813130643287
AK-03,-6.606952522573144,106.80813130643287,-6.606927735009813,106.80786132495095
AK-03,-6.606927735009813,106.80786132495095,-6.606638675049056,106.80742773500982
AK-03,-6.606638675049056,106.80742773500982,-6.60661313708499,106.80731514718626
AK-03,-6.60661313708499,106.80731514718626,-6.606684852813742,106.806813137085
AK-03,-6.606684852813742,106.806813137085,-6.606569957911594,106.80656180639333
AK-03,-6.606569957911594,106.80656180639333,-6.605338193606668,106.80576995791161
AK-03,-6.605338193606668,106.80576995791161,-6.6053,106.8057
AK-03,-6.6053,106.8057,-6.6053,106.8052
AK-03,-6.6053,106.8052,-6.605124796629493,106.80498023166919
AK-03,-6.605124796629493,106.80498023166919,-6.601819768330807,106.80422479662948
AK-03,-6.601819768330807,106.80422479662948,-6.601818621357346,106.80422300017153
AK-03,-6.601818621357346,106.80422300017153,-6.602776999828452,106.79971862135734
AK-03,-6.602776999828452,106.79971862135734,-6.603013049516849,106.79964472135954
AK-03,-6.603013049516849,106.79964472135954,-6.60332360679775,106.79902360679775
AK-03,-6.60332360679775,106.79902360679775,-6.603234983852995,106.79875781754593
AK-03,-6.603234983852995,106.79875781754593,-6.604242182454061,106.79683498385299
AK-03,-6.604242182454061,106.79683498385299,-6.604227735009812,106.79656132495094
AK-03,-6.604227735009812,106.79656132495094,-6.603938675049056,106.79612773500982
AK-03,-6.592936221679155,106.80494407320191,-6.603804106507812,106.7957837988985
AK-05,-6.592306073201895,106.80491977832085,-6.592936221679155,106.80494407320191
AK-05,-6.592936221679155,106.80494407320191,-6.593153676611589,106.80493212863946
AK-05,-6.593153676611589,106.80493212863946,-6.595693871360537,106.80455267661159
AK-05,-6.595693871360537,106.80455267661159,-6.595860574044657,106.80455381083202
AK-05,-6.595860574044657,106.80455381083202,-6.600941189167981,106.80538357404467
AK-05,-6.600941189167981,106.80538357404467,-6.601197328430023,106.80529587409839
AK-05,-6.601197328430023,106.80529587409839,-6.601619125901608,106.80484232843001
AK-05,-6.601619125901608,106.80484232843001,-6.601735085334541,106.80462793604335
AK-05,-6.601735085334541,106.80462793604335,-6.603246063956634,106.79851908533455
AK-05,-6.603246063956634,106.79851908533455,-6.603309733474617,106.79836188965636
AK-05,-6.603309733474617,106.79836188965636,-6.604286110343656,106.79668473347462
AK-05,-6.604286110343656,106.79668473347462,-6.604233539822494,106.7964075398186
AK-05,-6.604233539822494,106.7964075398186,-6.603389460181391,106.79574053982249
AK-05,-6.603389460181391,106.79574053982249,-6.603185767081062,106.79563050257724
AK-05,-6.603185767081062,106.79563050257724,-6.5973684974227496,106.79369076708106
AK-05,-6.5973684974227496,106.79369076708106,-6.597118007962097,106.7936859854829
AK-05,-6.597118007962097,106.7936859854829,-6.5946860145171025,106.7943950079621
AK-05,-6.5946860145171025,106.7943950079621,-6.594480421064682,106.79455174196934
AK-05,-6.594480421064682,106.79455174196934,-6.592912258030653,106.79709942106469
AK-05,-6.592912258030653,106.79709942106469,-6.592904217344337,106.79737241334867
AK-05,-6.592904217344337,106.79737241334867,-6.593316586651334,106.79814021734434
AK-05,-6.593316586651334,106.79814021734434,-6.593320013875332,106.79823179038192
AK-05,-6.593320013875332,106.79823179038192,-6.592222209618083,106.80070301387534
AK-05,-6.592222209618083,106.80070301387534,-6.592235694139276,106.800971412143
AK-05,-6.592235694139276,106.800971412143,-6.593366587857008,106.80295369413929
AK-05,-6.593366587857008,106.80295369413929,-6.593361581740044,106.80299006418434
AK-05,-6.593361581740044,106.80299006418434,-6.592210935815656,106.80412558174004
AK-05,-6.592210935815656,106.80412558174004,-6.59211,106.804367
AK-05,-6.59211,106.804367,-6.59211,106.804716
AK-05,-6.59211,106.804716,-6.592101766525802,106.80490702480466
AK-05,-6.592101766525802,106.80490702480466,-6.592042975195341,106.8055877665258
AK-05,-6.592042975195341,106.8055877665258,-6.592029692951072,106.80560050110186
AK-05,-6.592029692951072,106.80560050110186,-6.591367498898129,106.80562969295107
AK-05,-6.591367498898129,106.80562969295107,-6.591171481565831,106.80583347886405
AK-05,-6.591171481565831,106.80583347886405,-6.591159521135953,106.80813448156583
AK-05,-6.591159521135953,106.80813448156583,-6.591260763221495,106.808376410364
AK-05,-6.591260763221495,106.808376410364,-6.5915235896359885,106.80863276322151
AK-05,-6.5915235896359885,106.80863276322151,-6.591568555937611,106.80873443376059
AK-05,-6.591568555937611,106.80873443376059,-6.5917645662394095,106.81433955593761
AK-05,-6.5917645662394095,106.81433955593761,-6.591741375535386,106.81449897813083
AK-05,-6.591741375535386,106.81449897813083,-6.591424021869182,106.81544437553539
AK-05,-6.591424021869182,106.81544437553539,-6.591347418986467,106.81554825927309
AK-05,-6.591347418986467,106.81554825927309,-6.590888740726925,106.81587841898647
AK-05,-6.590888740726925,106.81587841898647,-6.590751051571688,106.81610038239393
AK-05,-6.590751051571688,106.81610038239393,-6.590682617606077,106.8165150515717
AK-05,-6.590682617606077,106.8165150515717,-6.59067619993036,106.81651993389427
AK-05,-6.59067619993036,106.81651993389427,-6.587415066105735,106.81617119993037
AK-05,-6.587415066105735,106.81617119993037,-6.5873855989809496,106.8163762058702
AK-05,-6.5873855989809496,106.8163762058702,-6.590648794129796,106.81696659898095
AK-05,-6.590648794129796,106.81696659898095,-6.590640180510865,106.816952483796
AK-05,-6.590640180510865,106.816952483796,-6.59020451620399,106.81838118051087
AK-05,-6.59020451620399,106.81838118051087,-6.590168267602987,106.81840880918456
AK-05,-6.590168267602987,106.81840880918456,-6.58943019081543,106.818429267603
AK-05,-6.58943019081543,106.818429267603,-6.589236742037599,106.81863560697214
AK-05,-6.589236742037599,106.81863560697214,-6.589856393027867,106.8354877420376
AK-05,-6.589856393027867,106.8354877420376,-6.589818772835188,106.83557659136184
AK-05,-6.589818772835188,106.83557659136184,-6.589004408638154,106.8363097728352
AK-05,-6.589004408638154,106.8363097728352,-6.5888923894775004,106.83654616637317
AK-05,-6.5888923894775004,106.83654616637317,-6.58867383362683,106.8411693894775
AK-05,-6.58867383362683,106.8411693894775,-6.588628350982449,106.84128875987336
AK-05,-6.588628350982449,106.84128875987336,-6.586852240126628,106.84348135098244
AK-05,-6.586852240126628,106.84348135098244,-6.586741566175337,106.84368731734554
AK-05,-6.586741566175337,106.84368731734554,-6.585281682654443,106.84831956617533
AK-05,-6.585281682654443,106.84831956617533,-6.585281201314381,106.84857018199939
AK-05,-6.585281201314381,106.84857018199939,-6.586665818000611,106.85302320131439
AK-05,-6.586665818000611,106.85302320131439,-6.5869322634089125,106.85309568201335
AK-05,-6.5869322634089125,106.85309568201335,-6.5875703179866525,106.85251526340892
AK-05,-6.5875703179866525,106.85251526340892,-6.587609522502999,106.85251163098052
AK-05,-6.587609522502999,106.85251163098052,-6.590000369019481,106.85398852250299
AK-05,-6.590000369019481,106.85398852250299,-6.5900588290450965,106.8540731834455
AK-05,-6.5900588290450965,106.8540731834455,-6.591186816554498,106.85989982904509
AK-05,-6.591186816554498,106.85989982904509,-6.5911751608676425,106.8600373136174
AK-05,-6.5911751608676425,106.8600373136174,-6.589293686382606,106.86503016086765
AK-05,-6.600561717856468,106.8137296318879,-6.592306073201895,106.80491977832085
AK-06,-6.5990296318879,106.81273828214354,-6.600561717856468,106.8137296318879
AK-06,-6.600561717856468,106.8137296318879,-6.600813640148097,106.81378417788748
AK-06,-6.600813640148097,106.81378417788748,-6.60531582211252,106.8131136401481
AK-06,-6.60531582211252,106.8131136401481,-6.605540289690061,106.81298214494853
AK-06,-6.605540289690061,106.81298214494853,-6.607817855051462,106.81004028969006
AK-06,-6.607817855051462,106.81004028969006,-6.607799999999999,106.80975857864377
AK-06,-6.607799999999999,106.80975857864377,-6.606741421356237,106.8087
AK-06,-6.606741421356237,106.8087,-6.606823220935862,106.80868686935672
AK-06,-6.606823220935862,106.80868686935672,-6.607044437076145,106.80817069836273
AK-06,-6.607044437076145,106.80817069836273,-6.607010940039246,106.80780585493132
AK-06,-6.607010940039246,106.80780585493132,-6.6067218800784895,106.80737226499019
AK-06,-6.6067218800784895,106.80737226499019,-6.606712132034356,106.80732928932188
AK-06,-6.606712132034356,106.80732928932188,-6.606783847763108,106.80682727922063
AK-06,-6.606783847763108,106.80682727922063,-6.606624033670726,106.8064776885458
AK-06,-6.606624033670726,106.8064776885458,-6.6053922693658,106.80568584006407
AK-06,-6.6053922693658,106.80568584006407,-6.6054,106.8057
AK-06,-6.6054,106.8057,-6.6054,106.8052
AK-06,-6.6054,106.8052,-6.605147079109644,106.80488274581853
AK-06,-6.605147079109644,106.80488274581853,-6.601842050810958,106.80412731077882
AK-06,-6.601842050810958,106.80412731077882,-6.601916431950244,106.80424381093599
AK-06,-6.601916431950244,106.80424381093599,-6.6028748104213495,106.7997394321218
AK-06,-6.6028748104213495,106.7997394321218,-6.602834764056203,106.79955712052757
AK-06,-6.602834764056203,106.79955712052757,-6.604242879472428,106.79683476405621
AK-06,-6.604242879472428,106.79683476405621,-6.6043109400392455,106.79650585493131
AK-06,-6.6043109400392455,106.79650585493131,-6.60402188007849,106.79607226499019
AK-06,-6.60402188007849,106.79607226499019,-6.603836958570306,106.79568934921882
AK-06,-6.603836958570306,106.79568934921882,-6.597125857929647,106.7933550533438
AK-06,-6.59448829588528,106.79428398890256,-6.5990296318879,106.81273828214354
AK-07,-6.596701030049766,106.79345421359089,-6.59448829588528,106.79428398890256
AK-07,-6.59448829588528,106.79428398890256,-6.594101772796433,106.79449315855514
AK-07,-6.594101772796433,106.79449315855514,-6.5926989013826685,106.79701832709993
AK-07,-6.5926989013826685,106.79701832709993,-6.5929047920411925,106.79719542732393
AK-07,-6.5929047920411925,106.79719542732393,-6.5803045726760665,106.7966047920412
AK-07,-6.5803045726760665,106.7966047920412,-6.580104504654013,106.796595689699
AK-07,-6.580104504654013,106.796595689699,-6.573504310301002,106.79630450465402
AK-07,-6.573504310301002,106.79630450465402,-6.573261511663365,106.7963713472407
AK-07,-6.573261511663365,106.7963713472407,-6.5699286527593035,106.79856151166337
AK-07,-6.5699286527593035,106.79856151166337,-6.569761324950944,106.79872773500982
AK-07,-6.569761324950944,106.79872773500982,-6.568872264990189,106.80006132495095
AK-07,-6.568872264990189,106.80006132495095,-6.568759766525004,106.80018170867717
AK-07,-6.568759766525004,106.80018170867717,-6.567618291322826,106.801059766525
AK-07,-6.567618291322826,106.801059766525,-6.567464542907704,106.8011593628723
AK-07,-6.567464542907704,106.8011593628723,-6.566340637127689,106.8017645429077
AK-07,-6.566340637127689,106.8017645429077,-6.566275675381986,106.80203931372135
AK-07,-6.566275675381986,106.80203931372135,-6.568760686278643,106.80557567538199
AK-07,-6.568760686278643,106.80557567538199,-6.5687700132632765,106.80565570860146
AK-07,-6.5687700132632765,106.80565570860146,-6.568244291398547,106.80697001326328
AK-07,-6.568244291398547,106.80697001326328,-6.568225562216538,106.80722024565021
AK-07,-6.568225562216538,106.80722024565021,-6.568579754349794,106.80872556221654
AK-07,-6.568579754349794,106.80872556221654,-6.56883416407865,106.80884472135955
AK-07,-6.56883416407865,106.80884472135955,-6.568855278640451,106.80883416407866
AK-07,-6.568855278640451,106.80883416407866,-6.5689784464540555,106.80858233031893
AK-07,-6.5689784464540555,106.80858233031893,-6.568917669681083,106.80827844645405
AK-07,-6.568917669681083,106.80827844645405,-6.568850767308257,106.80806800499853
AK-07,-6.568850767308257,106.80806800499853,-6.568531995001466,106.80735076730825
AK-07,-6.568531995001466,106.80735076730825,-6.56853096923752,106.80724664216248
AK-07,-6.56853096923752,106.80724664216248,-6.569253357837508,106.80553096923752
AK-07,-6.569253357837508,106.80553096923752,-6.569340233474995,106.80541829132284
AK-07,-6.569340233474995,106.80541829132284,-6.570481708677175,106.804540233475
AK-07,-6.570481708677175,106.804540233475,-6.57064011284035,106.80441919353977
AK-07,-6.57064011284035,106.80441919353977,-6.578780806460226,106.79824011284035
AK-07,-6.578780806460226,106.79824011284035,-6.5789321565228605,106.79815034534205
AK-07,-6.5789321565228605,106.79815034534205,-6.581649654657958,106.79693215652287
AK-07,-6.581649654657958,106.79693215652287,-6.5817970168702855,106.7969028966806
AK-07,-6.5817970168702855,106.7969028966806,-6.591797103319394,106.79719701687029
AK-07,-6.591797103319394,106.79719701687029,-6.591977072991674,106.79698142616665
AK-07,-6.591977072991674,106.79698142616665,-6.5913185738333455,106.79387707299169
AK-07,-6.5913185738333455,106.79387707299169,-6.591293126614734,106.79390643041684
AK-07,-6.591293126614734,106.79390643041684,-6.592593569583163,106.79399312661474
AK-07,-6.592593569583163,106.79399312661474,-6.5927999999999995,106.7941
AK-07,-6.5927999999999995,106.7941,-6.593100000000001,106.7941
AK-07,-6.593100000000001,106.7941,-6.5933788854382,106.79403416407865
AK-07,-6.5933788854382,106.79403416407865,-6.593799999999998,106.79382360679774
AK-07,-6.593799999999998,106.79382360679774,-6.593941421356237,106.7936
AK-07,-6.593941421356237,106.7936,-6.593999999999998,106.79354142135624
AK-07,-6.593999999999998,106.79354142135624,-6.59414,106.79338000000001
AK-07,-6.59414,106.79338000000001,-6.594319999999999,106.79314000000001
AK-07,-6.594319999999999,106.79314000000001,-6.594399999999999,106.7929
AK-07,-6.594399999999999,106.7929,-6.594399999999999,106.7928
AK-07,-6.594399999999999,106.7928,-6.594368680281974,106.79257637549244
AK-07,-6.594368680281974,106.79257637549244,-6.5942236245075545,106.79206868028197
AK-07,-6.5942236245075545,106.79206868028197,-6.594219675395938,106.79207535117523
AK-07,-6.594219675395938,106.79207535117523,-6.596224648824781,106.79161967539594
AK-07,-6.596224648824781,106.79161967539594,-6.596229835358455,106.79162278812271
AK-07,-6.596229835358455,106.79162278812271,-6.5967772118772965,106.79362983535846
AK-07,-6.586321421233812,106.80591758136546,-6.596701030049766,106.79345421359089
AK-08,-6.569417581365465,106.8092785787662,-6.586321421233812,106.80591758136546
AK-08,-6.586321421233812,106.80591758136546,-6.586523624507554,106.80586868028198
AK-08,-6.586523624507554,106.80586868028198,-6.588431319718026,106.80532362450755
AK-08,-6.588431319718026,106.80532362450755,-6.588462789579624,106.80533643820804
AK-08,-6.588462789579624,106.80533643820804,-6.588763561791952,106.80586278957962
AK-08,-6.588763561791952,106.80586278957962,-6.5890029830305785,106.80599692520525
AK-08,-6.5890029830305785,106.80599692520525,-6.592103074794749,106.80590298303058
AK-08,-6.592103074794749,106.80590298303058,-6.5923,106.8057
AK-08,-6.5923,106.8057,-6.5923,106.805
AK-08,-6.5923,106.805,-6.592312491032641,106.80498570745345
AK-08,-6.592312491032641,106.80498570745345,-6.595814292546559,106.80451249103264
AK-08,-6.595814292546559,106.80451249103264,-6.59593554786275,106.80481077530287
AK-08,-6.59593554786275,106.80481077530287,-6.600738059736366,106.80557917720266
AK-08,-6.600738059736366,106.80557917720266,-6.6011557448052365,106.80538599622199
AK-08,-6.6011557448052365,106.80538599622199,-6.601692998110996,106.80500224386073
AK-08,-6.601692998110996,106.80500224386073,-6.601914340100451,106.80466549925727
AK-08,-6.601914340100451,106.80466549925727,-6.602972172525999,106.79976100346609
AK-08,-6.602972172525999,106.79976100346609,-6.602923585820518,106.79960306281946
AK-08,-6.602923585820518,106.79960306281946,-6.6043317012367435,106.7968807063481
AK-08,-6.6043317012367435,106.7968807063481,-6.60439414506868,106.7964503849117
AK-08,-6.60439414506868,106.7964503849117,-6.604105085107924,106.79601679497057
AK-08,-6.604105085107924,106.79601679497057,-6.6038698106327995,106.79559489953915
AK-08,-6.6038698106327995,106.79559489953915,-6.59715870999214,106.79326060366414
AK-08,-6.59715870999214,106.79326060366414,-6.596665917705607,106.79336058067314
AK-08,-6.596665917705607,106.79336058067314,-6.5944531835411215,106.79419035598481
AK-08,-6.5944531835411215,106.79419035598481,-6.594014357068821,106.79444459426202
AK-08,-6.594014357068821,106.79444459426202,-6.592611485655056,106.79696976280681
AK-08,-6.592611485655056,106.79696976280681,-6.592677233703445,106.79755655782547
AK-08,-6.592677233703445,106.79755655782547,-6.593094473114585,106.79847448452998
AK-08,-6.593094473114585,106.79847448452998,-6.593098978005841,106.79830418058548
AK-08,-6.593098978005841,106.79830418058548,-6.59189124855317,106.80062673722522
AK-08,-6.59189124855317,106.80062673722522,-6.591875089227157,106.80115383654127
AK-08,-6.591875089227157,106.80115383654127,-6.592193861533947,106.80187107423156
AK-08,-6.592193861533947,106.80187107423156,-6.592431136589266,106.802067367067
AK-08,-6.592431136589266,106.802067367067,-6.593204489031214,106.80301257560716
AK-08,-6.593204489031214,106.80301257560716,-6.593359819205944,106.80291869077253
AK-08,-6.593359819205944,106.80291869077253,-6.59218130922746,106.80445981920595
AK-08,-6.59218130922746,106.80445981920595,-6.5920920408761905,106.80450864997216
AK-08,-6.5920920408761905,106.80450864997216,-6.588691350027839,106.8047920408762
AK-08,-6.588691350027839,106.8047920408762,-6.58848007492976,106.8048250468311
AK-08,-6.58848007492976,106.8048250468311,-6.580874953168899,106.80658007492977
AK-08,-6.580874953168899,106.80658007492977,-6.580707202316201,106.80680671733637
AK-08,-6.580707202316201,106.80680671733637,-6.5809932826636315,106.8109072023162
AK-08,-6.5809932826636315,106.8109072023162,-6.581024648824781,106.81111967539594
AK-08,-6.581024648824781,106.81111967539594,-6.581480324604062,106.81312464882477
AK-08,-6.581480324604062,106.81312464882477,-6.581675351175219,106.81308032460406
AK-08,-6.581675351175219,106.81308032460406,-6.581219675395938,106.81107535117523
AK-08,-6.581219675395938,106.81107535117523,-6.580992886056003,106.81090766039311
AK-08,-6.580992886056003,106.81090766039311,-6.578492339606894,106.811092886056
AK-08,-6.578492339606894,106.811092886056,-6.578323172667465,106.81108126684973
AK-08,-6.578323172667465,106.81108126684973,-6.5771187331502805,106.81082317266747
AK-08,-6.5771187331502805,106.81082317266747,-6.5768804624732,106.81082443029915
AK-08,-6.5768804624732,106.81082443029915,-6.56997556970085,106.8123804624732
AK-08,-6.56997556970085,106.8123804624732,-6.5699677199177575,106.81237584681745
AK-08,-6.5699677199177575,106.81237584681745,-6.569024153182557,106.80916771991775
AK-08,-6.58072174374448,106.80681779625833,-6.569417581365465,106.8092785787662
AK-09,-6.5690177962583105,106.80917825625552,-6.58072174374448,106.80681779625833
AK-09,-6.58072174374448,106.80681779625833,-6.58091992507024,106.80677495316891
AK-09,-6.58091992507024,106.80677495316891,-6.5885250468311005,106.80501992507024
AK-09,-6.5885250468311005,106.80501992507024,-6.588532952160034,106.80502451741708
AK-09,-6.588532952160034,106.80502451741708,-6.588775482582921,106.80583295216003
AK-09,-6.588775482582921,106.80583295216003,-6.589006043086464,106.80599356742923
AK-09,-6.589006043086464,106.80599356742923,-6.592006432570767,106.80580604308646
AK-09,-6.592006432570767,106.80580604308646,-6.592208642895251,106.80560946425396
AK-09,-6.592208642895251,106.80560946425396,-6.592290535746043,106.80470864289524
AK-09,-6.592290535746043,106.80470864289524,-6.5923106492789305,106.80479431092886
AK-09,-6.5923106492789305,106.80479431092886,-6.5958109408242755,106.80460510598046
AK-09,-6.5958109408242755,106.80460510598046,-6.595919748812639,106.80490951936606
AK-09,-6.595919748812639,106.80490951936606,-6.600722260686255,106.80567792126585
AK-09,-6.600722260686255,106.80567792126585,-6.600905322462955,106.80542354344406
AK-09,-6.600905322462955,106.80542354344406,-6.6041243587225145,106.8069383840368
AK-09,-6.6041243587225145,106.8069383840368,-6.604077111669393,106.80678208933058
AK-09,-6.604077111669393,106.80678208933058,-6.601580595537175,106.81091094293386
AK-09,-6.601580595537175,106.81091094293386,-6.601921192618541,106.81113276927681
AK-09,-6.601921192618541,106.81113276927681,-6.604606500149667,106.80729661566093
AK-09,-6.604606500149667,106.80729661566093,-6.604521126076354,106.8072398345054
AK-09,-6.604521126076354,106.8072398345054,-6.612360165494609,106.81302112607636
AK-09,-6.612360165494609,106.81302112607636,-6.612555708601453,106.81312998673673
AK-09,-6.612555708601453,106.81312998673673,-6.620870013263277,106.81645570860147
AK-09,-6.620870013263277,106.81645570860147,-6.621141421356238,106.8164
AK-09,-6.621141421356238,106.8164,-6.621200000000003,106.81634142135623
AK-09,-6.621200000000003,106.81634142135623,-6.621140667823006,106.81607162674432
AK-09,-6.621140667823006,106.81607162674432,-6.612628373255677,106.81294066782301
AK-09,-6.612628373255677,106.81294066782301,-6.6124780842479565,106.81286028708072
AK-09,-6.6124780842479565,106.81286028708072,-6.606739712919275,106.80867808424796
AK-09,-6.606739712919275,106.80867808424796,-6.6069151354388636,106.80872626128658
AK-09,-6.6069151354388636,106.80872626128658,-6.607136351579147,106.80821009029259
AK-09,-6.607136351579147,106.80821009029259,-6.607094145068681,106.8077503849117
AK-09,-6.607094145068681,106.8077503849117,-6.606805085107924,106.80731679497057
AK-09,-6.606805085107924,106.80731679497057,-6.606811126983723,106.80734343145751
AK-09,-6.606811126983723,106.80734343145751,-6.606882842712475,106.80684142135625
AK-09,-6.606882842712475,106.80684142135625,-6.606678109429857,106.80639357069826
AK-09,-6.606678109429857,106.80639357069826,-6.605446345124931,106.80560172221654
AK-09,-6.605446345124931,106.80560172221654,-6.6055,106.8057
AK-09,-6.6055,106.8057,-6.6055,106.8052
AK-09,-6.6055,106.8052,-6.605169361589794,106.80478525996787
AK-09,-6.605169361589794,106.80478525996787,-6.601864333291108,106.80402982492816
AK-09,-6.601864333291108,106.80402982492816,-6.6020142425431425,106.80426462170043
AK-09,-6.6020142425431425,106.80426462170043,-6.602972621014248,106.79976024288624
AK-09,-6.602972621014248,106.79976024288624,-6.603012407584834,106.79964900511133
AK-09,-6.603012407584834,106.79964900511133,-6.6044205230010595,106.79692664863998
AK-09,-6.6044205230010595,106.79692664863998,-6.604477350098113,106.79639491489208
AK-09,-6.604477350098113,106.79639491489208,-6.604188290137357,106.79596132495095
AK-09,-6.604188290137357,106.79596132495095,-6.603902662695294,106.79550044985949
AK-09,-6.603902662695294,106.79550044985949,-6.597191562054634,106.79316615398447
AK-09,-6.597191562054634,106.79316615398447,-6.596630805361448,106.79326694775538
AK-09,-6.596630805361448,106.79326694775538,-6.594418071196962,106.79409672306706
AK-09,-6.594418071196962,106.79409672306706,-6.593926941341209,106.79439602996891
AK-09,-6.593926941341209,106.79439602996891,-6.592524069927444,106.7969211985137
AK-09,-6.592524069927444,106.7969211985137,-6.5925861970557,106.7975979381199
AK-09,-6.5925861970557,106.7975979381199,-6.593003436466839,106.79851586482441
AK-09,-6.593003436466839,106.79851586482441,-6.593010256325718,106.79825804531181
AK-09,-6.593010256325718,106.79825804531181,-6.591802526873047,106.80058060195155
AK-09,-6.591802526873047,106.80058060195155,-6.5917837080722945,106.80119445038788
AK-09,-6.5917837080722945,106.80119445038788,-6.592102480379085,106.80191168807816
AK-09,-6.592102480379085,106.80191168807816,-6.592353740859345,106.80213069084603
AK-09,-6.592353740859345,106.80213069084603,-6.593127093301293,106.80307589938619
AK-09,-6.593127093301293,106.80307589938619,-6.5932803834226466,106.80285794576177
AK-09,-6.5932803834226466,106.80285794576177,-6.592101873444162,106.80439907419519
AK-09,-6.592101873444162,106.80439907419519,-6.592083736328204,106.80440899539633
AK-09,-6.592083736328204,106.80440899539633,-6.588683045479852,106.80469238630036
AK-09,-6.588683045479852,106.80469238630036,-6.58845758897909,106.80472760771153
AK-09,-6.58845758897909,106.80472760771153,-6.58085246721823,106.8064826358102
AK-09,-6.58085246721823,106.8064826358102,-6.58068220374169,106.80662174374449
AK-09,-6.58068220374169,106.80662174374449,-6.56897825625552,106.80898220374168
AK-09,-6.597224414117129,106.7930717043048,-6.5690177962583105,106.80917825625552
AK-10,-6.603935514757788,106.79540600017981,-6.597224414117129,106.7930717043048
AK-10,-6.597224414117129,106.7930717043048,-6.597263803437555,106.79350597149997
AK-10,-6.597263803437555,106.79350597149997,-6.596312310562562,106.7897
AK-10,-6.596312310562562,106.7897,-6.59563321081246,106.78986977493753
AK-10,-6.59563321081246,106.78986977493753,-6.596584703687453,106.7936757464375
AK-10,-6.596584703687453,106.7936757464375,-6.5965956930172895,106.79317331483763
AK-10,-6.5965956930172895,106.79317331483763,-6.594382958852804,106.7940030901493
AK-10,-6.594382958852804,106.7940030901493,-6.593839525613597,106.79434746567578
AK-10,-6.593839525613597,106.79434746567578,-6.592436654199832,106.79687263422058
AK-10,-6.592436654199832,106.79687263422058,-6.592495160407953,106.79763931841434
AK-10,-6.592495160407953,106.79763931841434,-6.592912399819093,106.79855724511884
AK-10,-6.592912399819093,106.79855724511884,-6.592921534645595,106.79821191003815
AK-10,-6.592921534645595,106.79821191003815,-6.591713805192924,106.80053446667789
AK-10,-6.591713805192924,106.80053446667789,-6.591692326917433,106.80123506423449
AK-10,-6.591692326917433,106.80123506423449,-6.592011099224223,106.80195230192477
AK-10,-6.592011099224223,106.80195230192477,-6.592276345129425,106.80219401462504
AK-10,-6.592276345129425,106.80219401462504,-6.593049697571373,106.8031392231652
AK-10,-6.593049697571373,106.8031392231652,-6.593425800148399,106.80320739938519
AK-10,-6.593425800148399,106.80320739938519,-6.595656200487599,106.8046013995972
AK-10,-6.595656200487599,106.8046013995972,-6.595903949762528,106.80500826342926
AK-10,-6.595903949762528,106.80500826342926,-6.600706461636144,106.80577666532905
AK-10,-6.600706461636144,106.80577666532905,-6.601213868624608,106.80546736956912
AK-10,-6.601213868624608,106.80546736956912,-6.601751121930368,106.80508361720786
AK-10,-6.601751121930368,106.80508361720786,-6.602012092204859,106.80468658304449
AK-10,-6.602012092204859,106.80468658304449,-6.603069924630407,106.7997820872533
AK-10,-6.603069924630407,106.7997820872533,-6.603102492235949,106.7996894427191
AK-10,-6.603102492235949,106.7996894427191,-6.60341304951685,106.7990683281573
AK-10,-6.60341304951685,106.7990683281573,-6.603048012475509,106.79911192514695
AK-10,-6.603048012475509,106.79911192514695,-6.60457125489224,106.79991834760287
AK-10,-6.60457125489224,106.79991834760287,-6.604686480847704,106.79999514979598
AK-10,-6.604686480847704,106.79999514979598,-6.607932094800581,106.80266800834539
AK-10,-6.607932094800581,106.80266800834539,-6.608043908229288,106.80277501883411
AK-10,-6.608043908229288,106.80277501883411,-6.611510115282964,106.80662636000486
AK-10,-6.611510115282964,106.80662636000486,-6.611686031741064,106.80679497667019
AK-10,-6.611686031741064,106.80679497667019,-6.616131839390738,106.81046760038078
AK-10,-6.616131839390738,106.81046760038078,-6.616240995355856,106.81057334506241
AK-10,-6.616240995355856,106.81057334506241,-6.619808789247243,106.81462327326344
AK-10,-6.619808789247243,106.81462327326344,-6.620076750472251,106.81463949716648
AK-10,-6.620076750472251,106.81463949716648,-6.6209605028335075,106.81587675047226
AK-10,-6.6209605028335075,106.81587675047226,-6.620978732187482,106.81597276068752
AK-10,-6.620978732187482,106.81597276068752,-6.620927239312489,106.81617873218748
AK-10,-6.620927239312489,106.81617873218748,-6.6210447213595485,106.81643416407866
AK-10,-6.6210447213595485,106.81643416407866,-6.621065835921349,106.81644472135955
AK-10,-6.621065835921349,106.81644472135955,-6.621341421356237,106.8164
AK-10,-6.621341421356237,106.8164,-6.621400000000003,106.81634142135623
AK-10,-6.621400000000003,106.81634142135623,-6.6213999999999995,106.81605857864376
AK-10,-6.6213999999999995,106.81605857864376,-6.621241421356237,106.8159
AK-10,-6.621241421356237,106.8159,-6.621123249527749,106.81576050283351
AK-10,-6.621123249527749,106.81576050283351,-6.620239497166493,106.81452324952774
AK-10,-6.620239497166493,106.81452324952774,-6.620416227766016,106.8145
AK-10,-6.620416227766016,106.8145,-6.621052982212813,106.81258973665962
AK-10,-6.621052982212813,106.81258973665962,-6.620911034981529,106.81269609328407
AK-10,-6.620911034981529,106.81269609328407,-6.623411172014777,106.81260349561617
AK-10,-6.623411172014777,106.81260349561617,-6.623810760370886,106.81224145094461
AK-10,-6.623810760370886,106.81224145094461,-6.62408373772994,106.81023961697824
AK-10,-6.62408373772994,106.81023961697824,-6.623969774937528,106.81036678918755
AK-10,-6.623969774937528,106.81036678918755,-6.624575746437499,106.81021529631255
AK-10,-6.624575746437499,106.81021529631255,-6.624905085107924,106.80998320502943
AK-10,-6.624905085107924,106.80998320502943,-6.62519414506868,106.8095496150883
AK-10,-6.62519414506868,106.8095496150883,-6.625046852128566,106.80908135673334
AK-10,-6.625046852128566,106.80908135673334,-6.624703025890455,106.80880629574285
AK-10,-6.624703025890455,106.80880629574285,-6.624422697931748,106.80869018010044
AK-10,-6.624422697931748,106.80869018010044,-6.6219214746786825,106.80841226640567
AK-10,-6.6219214746786825,106.80841226640567,-6.621944437076145,106.80842930163728
AK-10,-6.621944437076145,106.80842930163728,-6.621723220935862,106.80791313064329
AK-10,-6.621723220935862,106.80791313064329,-6.621475687995093,106.80767771881229
AK-10,-6.621475687995093,106.80767771881229,-6.618963237747238,106.80674718168343
AK-10,-6.618963237747238,106.80674718168343,-6.618866367633535,106.80668646935298
AK-10,-6.618866367633535,106.80668646935298,-6.616510645097741,106.80442497571862
AK-10,-6.616510645097741,106.80442497571862,-6.616304218245406,106.80427643299349
AK-10,-6.616304218245406,106.80427643299349,-6.614381384552463,106.8032692343924
AK-10,-6.614381384552463,106.8032692343924,-6.614286874448553,106.80309593943007
AK-10,-6.614286874448553,106.80309593943007,-6.612551935900803,106.80190887621319
AK-10,-6.612551935900803,106.80190887621319,-6.612527864797609,106.80188073387399
AK-10,-6.612527864797609,106.80188073387399,-6.611613851513686,106.79996130597776
AK-10,-6.611613851513686,106.79996130597776,-6.611462078327169,106.79972846617915
AK-10,-6.611462078327169,106.79972846617915,-6.608492582954242,106.79628001993963
AK-10,-6.608492582954242,106.79628001993963,-6.608452982212814,106.79621026334038
AK-10,-6.608452982212814,106.79621026334038,-6.608016227766018,106.7949
AK-10,-6.608016227766018,106.7949,-6.607519413552645,106.79464040698193
AK-10,-6.607519413552645,106.79464040698193,-6.60601128665296,106.79508397371713
AK-10,-6.60601128665296,106.79508397371713,-6.6057360217005385,106.79522588665355
AK-10,-6.6057360217005385,106.79522588665355,-6.604493285368303,106.79620232234315
AK-10,-6.617370013263276,106.81505570860146,-6.603935514757788,106.79540600017981
AK-11,-6.612555708601453,106.81312998673673,-6.617370013263276,106.81505570860146
AK-11,-6.617370013263276,106.81505570860146,-6.617444291398547,106.81487001326327
AK-11,-6.617444291398547,106.81487001326327,-6.6126299867367235,106.81294429139854
AK-11,-6.6126299867367235,106.81294429139854,-6.612536982831573,106.81277947274506
AK-11,-6.612536982831573,106.81277947274506,-6.606798611502891,106.8085972699123
AK-11,-6.606798611502891,106.8085972699123,-6.607007049941865,106.80876565321643
AK-11,-6.607007049941865,106.80876565321643,-6.607228266082148,106.80824948222244
AK-11,-6.607228266082148,106.80824948222244,-6.607177350098114,106.80769491489208
AK-11,-6.607177350098114,106.80769491489208,-6.606888290137357,106.80726132495096
AK-11,-6.606888290137357,106.80726132495096,-6.606910121933089,106.80735757359312
AK-11,-6.606910121933089,106.80735757359312,-6.6069818376618406,106.80685556349187
AK-11,-6.6069818376618406,106.80685556349187,-6.606732185188989,106.80630945285071
AK-11,-6.606732185188989,106.80630945285071,-6.605500420884063,106.80551760436899
AK-11,-6.605500420884063,106.80551760436899,-6.6056,106.8057
AK-11,-6.6056,106.8057,-6.6056,106.8052
AK-11,-6.6056,106.8052,-6.605191644069944,106.80468777411723
AK-11,-6.605191644069944,106.80468777411723,-6.6018866157712575,106.80393233907752
AK-11,-6.6018866157712575,106.80393233907752,-6.601819675395937,106.80422464882477
AK-11,-6.601819675395937,106.80422464882477,-6.60277535117522,106.80001967539593
AK-11,-6.60277535117522,106.80001967539593,-6.602781099822489,106.80001585688926
AK-11,-6.602781099822489,106.80001585688926,-6.604284143110727,106.8002810998225
AK-11,-6.604284143110727,106.8002810998225,-6.604380000000001,106.80034
AK-11,-6.604380000000001,106.80034,-6.60546,106.80178000000001
AK-11,-6.60546,106.80178000000001,-6.605614804664204,106.80194064430994
AK-11,-6.605614804664204,106.80194064430994,-6.607559355690063,106.8035148046642
AK-11,-6.607559355690063,106.8035148046642,-6.607726062334566,106.80363899911768
AK-11,-6.607726062334566,106.80363899911768,-6.609461000882316,106.80482606233456
AK-11,-6.609461000882316,106.80482606233456,-6.6097414213562375,106.8048
AK-11,-6.6097414213562375,106.8048,-6.609899999999999,106.80464142135624
AK-11,-6.609899999999999,106.80464142135624,-6.609903672043517,106.8046413736754
AK-11,-6.609903672043517,106.8046413736754,-6.617658626324599,106.81200367204352
AK-11,-6.617658626324599,106.81200367204352,-6.617673508893593,106.8120632455532
AK-11,-6.617673508893593,106.8120632455532,-6.617636754446797,106.81217350889358
AK-11,-6.617636754446797,106.81217350889358,-6.617590545909077,106.81238955334712
AK-11,-6.617590545909077,106.81238955334712,-6.617510446652882,106.81319054590907
AK-11,-6.617510446652882,106.81319054590907,-6.6175498443172165,106.81343222861825
AK-11,-6.6175498443172165,106.81343222861825,-6.61836777138175,106.81524984431721
AK-11,-6.61836777138175,106.81524984431721,-6.618432952160035,106.81517548258292
AK-11,-6.618432952160035,106.81517548258292,-6.617624517417078,106.81493295216004
AK-11,-6.617624517417078,106.81493295216004,-6.617481430466182,106.8147771655942
AK-11,-6.617481430466182,106.8147771655942,-6.612667125804359,106.81285144372946
AK-11,-6.612667125804359,106.81285144372946,-6.612471419941923,106.81286149664163
AK-11,-6.612471419941923,106.81286149664163,-6.608838503358371,106.81047141994193
AK-11,-6.608838503358371,106.81047141994193,-6.608728580058076,106.81063850335838
AK-11,-6.608728580058076,106.81063850335838,-6.612361496641628,106.81302858005807
AK-11,-6.612361496641628,106.81302858005807,-6.612366817581637,106.81304756514942
AK-11,-6.612366817581637,106.81304756514942,-6.6115524348505845,106.81476681758163
AK-11,-6.6115524348505845,106.81476681758163,-6.611609842680724,106.8150410784237
AK-11,-6.611609842680724,106.8150410784237,-6.613758921576291,106.81690984268072
AK-11,-6.613758921576291,106.81690984268072,-6.6137594436143,106.81688438262381
AK-11,-6.6137594436143,106.81688438262381,-6.613415617376189,106.8171594436143
AK-11,-6.613415617376189,106.8171594436143,-6.613284920708886,106.81738219949365
AK-11,-6.613284920708886,106.81738219949365,-6.613217800506348,106.81778492070889
AK-11,-6.613217800506348,106.81778492070889,-6.613299999999997,106.81804142135623
AK-11,-6.613299999999997,106.81804142135623,-6.613458578643763,106.8182
AK-11,-6.613458578643763,106.8182,-6.613482330318917,106.81827844645406
AK-11,-6.613482330318917,106.81827844645406,-6.613421553545945,106.81858233031893
AK-11,-6.613421553545945,106.81858233031893,-6.613563245553208,106.81882649110642
AK-11,-6.613563245553208,106.81882649110642,-6.613673508893596,106.8188632455532
AK-11,-6.613673508893596,106.8188632455532,-6.613682330318918,106.81887844645405
AK-11,-6.613682330318918,106.81887844645405,-6.613621553545944,106.81918233031892
AK-11,-6.613621553545944,106.81918233031892,-6.613630412595416,106.81917688382266
AK-11,-6.613630412595416,106.81917688382266,-6.612023116177342,106.81873041259541
AK-11,-6.612023116177342,106.81873041259541,-6.611770013263277,106.81885570860146
AK-11,-6.611770013263277,106.81885570860146,-6.611444291398548,106.81967001326328
AK-11,-6.611444291398548,106.81967001326328,-6.6114136193471005,106.81968802507957
AK-11,-6.6114136193471005,106.81968802507957,-6.608511974920426,106.8193136193471
AK-11,-6.608511974920426,106.8193136193471,-6.6084863806528995,106.81951197492043
AK-11,-6.6084863806528995,106.81951197492043,-6.611388025079574,106.8198863806529
AK-11,-6.611388025079574,106.8198863806529,-6.611373508893593,106.81986324555321
AK-11,-6.611373508893593,106.81986324555321,-6.6112367544467965,106.82027350889359
AK-11,-6.6112367544467965,106.82027350889359,-6.611186862915011,106.82048485281375
AK-11,-6.611186862915011,106.82048485281375,-6.611115147186258,106.820986862915
AK-11,-6.611115147186258,106.820986862915,-6.61131313708499,106.82101514718626
AK-11,-6.61131313708499,106.82101514718626,-6.611384852813742,106.820513137085
AK-11,-6.611384852813742,106.820513137085,-6.611426491106407,106.8203367544468
AK-11,-6.611426491106407,106.8203367544468,-6.611563245553204,106.81992649110641
AK-11,-6.611563245553204,106.81992649110641,-6.611578446454056,106.81991766968108
AK-11,-6.611578446454056,106.81991766968108,-6.612882330318918,106.82017844645405
AK-11,-6.612882330318918,106.82017844645405,-6.612987196312006,106.82024084056793
AK-11,-6.612987196312006,106.82024084056793,-6.613359159432074,106.82068719631201
AK-11,-6.613359159432074,106.82068719631201,-6.613512803687994,106.82055915943207
AK-11,-6.613512803687994,106.82055915943207,-6.613140840567927,106.82011280368799
AK-11,-6.613140840567927,106.82011280368799,-6.612921553545945,106.81998233031892
AK-11,-6.612921553545945,106.81998233031892,-6.611617669681083,106.81972155354595
AK-11,-6.611617669681083,106.81972155354595,-6.611629986736724,106.81974429139854
AK-11,-6.611629986736724,106.81974429139854,-6.611955708601453,106.81892998673672
AK-11,-6.611955708601453,106.81892998673672,-6.611969587404584,106.81892311617733
AK-11,-6.611969587404584,106.81892311617733,-6.613576883822658,106.81936958740458
AK-11,-6.613576883822658,106.81936958740458,-6.613817669681082,106.81922155354594
AK-11,-6.613817669681082,106.81922155354594,-6.613878446454056,106.81891766968107
AK-11,-6.613878446454056,106.81891766968107,-6.613736754446792,106.81867350889358
AK-11,-6.613736754446792,106.81867350889358,-6.613626491106404,106.8186367544468
AK-11,-6.613626491106404,106.8186367544468,-6.613617669681083,106.81862155354595
AK-11,-6.613617669681083,106.81862155354595,-6.613678446454055,106.81831766968108
AK-11,-6.613678446454055,106.81831766968108,-6.613600000000003,106.81805857864377
AK-11,-6.613600000000003,106.81805857864377,-6.613441421356237,106.8179
AK-11,-6.613441421356237,106.8179,-6.613415079291114,106.81781780050635
AK-11,-6.613415079291114,106.81781780050635,-6.613482199493652,106.81741507929111
AK-11,-6.613482199493652,106.81741507929111,-6.613540556385701,106.8173156173762
AK-11,-6.613540556385701,106.8173156173762,-6.613884382623811,106.8170405563857
AK-11,-6.613884382623811,106.8170405563857,-6.613890157319276,106.8167589215763
AK-11,-6.613890157319276,106.8167589215763,-6.61174107842371,106.81489015731928
AK-11,-6.61174107842371,106.81489015731928,-6.611733182418363,106.81485243485058
AK-11,-6.611733182418363,106.81485243485058,-6.612547565149415,106.81313318241837
AK-11,-6.592847041085298,106.7921813973095,-6.612555708601453,106.81312998673673
AK-12,-6.596153342498778,106.79133120551747,-6.592847041085298,106.7921813973095
AK-12,-6.592847041085298,106.7921813973095,-6.59268836873887,106.79231317568579
AK-12,-6.59268836873887,106.79231317568579,-6.592086824314212,106.79238836873887
AK-12,-6.592086824314212,106.79238836873887,-6.591897850221576,106.79259780297934
AK-12,-6.591897850221576,106.79259780297934,-6.591802197020659,106.79699785022159
AK-12,-6.591802197020659,106.79699785022159,-6.591802983129714,106.7969971033194
AK-12,-6.591802983129714,106.7969971033194,-6.581802896680606,106.79670298312972
AK-12,-6.581802896680606,106.79670298312972,-6.581680000000002,106.79666
AK-12,-6.581680000000002,106.79666,-6.58144,106.79648
AK-12,-6.58144,106.79648,-6.581420745013131,106.79642637499198
AK-12,-6.581420745013131,106.79642637499198,-6.582173625008006,106.79332074501313
AK-12,-6.582173625008006,106.79332074501313,-6.582215079291114,106.79328219949365
AK-12,-6.582215079291114,106.79328219949365,-6.582617800506348,106.7932150792911
AK-12,-6.582617800506348,106.7932150792911,-6.582825275497117,106.7930343795015
AK-12,-6.582825275497117,106.7930343795015,-6.583265620498489,106.79162527549713
AK-12,-6.583265620498489,106.79162527549713,-6.583291819566323,106.7913924399366
AK-12,-6.583291819566323,106.7913924399366,-6.5830075600634075,106.78779181956632
AK-12,-6.5830075600634075,106.78779181956632,-6.5827970463187375,106.78760304362056
AK-12,-6.5827970463187375,106.78760304362056,-6.572996956379441,106.78789704631873
AK-12,-6.572996956379441,106.78789704631873,-6.57281165477914,106.78788956847391
AK-12,-6.57281165477914,106.78788956847391,-6.5703104315260745,106.78761165477914
AK-12,-6.5703104315260745,106.78761165477914,-6.57028834522086,106.78781043152608
AK-12,-6.57028834522086,106.78781043152608,-6.572789568473925,106.78808834522086
AK-12,-6.572789568473925,106.78808834522086,-6.573002953681263,106.78809695637943
AK-12,-6.573002953681263,106.78809695637943,-6.582803043620559,106.78780295368126
AK-12,-6.582803043620559,106.78780295368126,-6.583,106.7878
AK-12,-6.583,106.7878,-6.5902,106.7878
AK-12,-6.5902,106.7878,-6.590111351556343,106.78782004900961
AK-12,-6.590111351556343,106.78782004900961,-6.590390771726127,106.79052111065083
AK-12,-6.590390771726127,106.79052111065083,-6.5907392266885205,106.79077497408151
AK-12,-6.5907392266885205,106.79077497408151,-6.595743556747896,106.78971636579973
AK-12,-6.595743556747896,106.78971636579973,-6.595630225062475,106.78964552137502
AK-12,-6.595630225062475,106.78964552137502,-6.596081717937468,106.79145149287498
AK-12,-6.602002333087351,106.80526012060555,-6.596153342498778,106.79133120551747
AK-21,-6.603610120605537,106.80598766691266,-6.602002333087351,106.80526012060555
AK-21,-6.602002333087351,106.80526012060555,-6.601885281875899,106.80516940674174
AK-21,-6.601885281875899,106.80516940674174,-6.601600593258263,106.8048152818759
AK-21,-6.601600593258263,106.8048152818759,-6.601319246911442,106.80481373200864
AK-21,-6.601319246911442,106.80481373200864,-6.601076267991361,106.80510924691144
AK-21,-6.601076267991361,106.80510924691144,-6.601132244927598,106.80538496431414
AK-21,-6.601132244927598,106.80538496431414,-6.604185035685857,106.8069822449276
AK-21,-6.604185035685857,106.8069822449276,-6.604181534194197,106.80696876144333
AK-21,-6.604181534194197,106.80696876144333,-6.601621238556659,106.81087153419419
AK-21,-6.601621238556659,106.81087153419419,-6.601790396035597,106.81099300137686
AK-21,-6.601790396035597,106.81099300137686,-6.604606998623145,106.8074003960356
AK-21,-6.604606998623145,106.8074003960356,-6.604601116996703,106.80740098373093
AK-21,-6.604601116996703,106.80740098373093,-6.607459016269079,106.80984111699671
AK-21,-6.607459016269079,106.80984111699671,-6.607627063142611,106.80996880773147
AK-21,-6.607627063142611,106.80996880773147,-6.6122111922685445,106.81305706314261
AK-21,-6.6122111922685445,106.81305706314261,-6.61240171105442,106.81316162813852
AK-21,-6.61240171105442,106.81316162813852,-6.615728371861477,106.81461171105443
AK-21,-6.615728371861477,106.81461171105443,-6.615917728665984,106.81468910228938
AK-21,-6.615917728665984,106.81468910228938,-6.621070897710618,106.81665772866597
AK-21,-6.621070897710618,106.81665772866597,-6.621244721359548,106.81673416407865
AK-21,-6.621244721359548,106.81673416407865,-6.621665835921349,106.81694472135955
AK-21,-6.621665835921349,106.81694472135955,-6.621786201316884,106.81704074656778
AK-21,-6.621786201316884,106.81704074656778,-6.623959253432212,106.81968620131688
AK-21,-6.623959253432212,106.81968620131688,-6.624107062245516,106.81984124491031
AK-21,-6.624107062245516,106.81984124491031,-6.62815875508969,106.82350706224551
AK-21,-6.62815875508969,106.82350706224551,-6.62834924101124,106.82363257195333
AK-21,-6.62834924101124,106.82363257195333,-6.632967428046661,106.82574924101124
AK-21,-6.632967428046661,106.82574924101124,-6.633114071950894,106.82584071950895
AK-21,-6.633114071950894,106.82584071950895,-6.635159280491054,106.82751407195089
AK-21,-6.635159280491054,106.82751407195089,-6.635272264990189,106.82763867504906
AK-21,-6.635272264990189,106.82763867504906,-6.640361324950944,106.83527226499018
AK-21,-6.640361324950944,106.83527226499018,-6.640493766885534,106.8354412839279
AK-21,-6.640493766885534,106.8354412839279,-6.646858716072097,106.84239376688554
AK-21,-6.646858716072097,106.84239376688554,-6.6470311495911645,106.84253794818943
AK-21,-6.6470311495911645,106.84253794818943,-6.648762051810558,106.84363114959116
AK-21,-6.648762051810558,106.84363114959116,-6.648918690772541,106.84374018079404
AK-21,-6.648918690772541,106.84374018079404,-6.6504598192059445,106.84491869077253
AK-21,-6.6504598192059445,106.84491869077253,-6.650652162633723,106.84503144983698
AK-21,-6.650652162633723,106.84503144983698,-6.654868550163017,106.84685216263374
AK-21,-6.654868550163017,106.84685216263374,-6.6551,106.8467
AK-21,-6.6551,106.8467,-6.6551,106.8467
AK-21,-6.6551,106.8467,-6.6549467722475635,106.84646897784015
AK-21,-6.6549467722475635,106.84646897784015,-6.650631022159845,106.84464677224757
AK-21,-6.650631022159845,106.84464677224757,-6.6504834761523055,106.8445595472946
AK-21,-6.6504834761523055,106.8445595472946,-6.648740452705411,106.84318347615229
AK-21,-6.648740452705411,106.84318347615229,-6.648551670232534,106.84306709313945
AK-21,-6.648551670232534,106.84306709313945,-6.647232906860532,106.84245167023253
AK-21,-6.647232906860532,106.84245167023253,-6.647107546100809,106.84235878011343
AK-21,-6.647107546100809,106.84235878011343,-6.641041219886569,106.8356075461008
AK-21,-6.641041219886569,106.8356075461008,-6.640926597435605,106.83546110228073
AK-21,-6.640926597435605,106.83546110228073,-6.637238897719273,106.8300265974356
AK-21,-6.637238897719273,106.8300265974356,-6.637126461648067,106.82986107634765
AK-21,-6.637126461648067,106.82986107634765,-6.635538923652348,106.82752646164808
AK-21,-6.635538923652348,106.82752646164808,-6.635400000000001,106.82735857864377
AK-21,-6.635400000000001,106.82735857864377,-6.634041421356237,106.826
AK-21,-6.634041421356237,106.826,-6.633851967019294,106.82586698559189
AK-21,-6.633851967019294,106.82586698559189,-6.629133014408108,106.82365196701929
AK-21,-6.629133014408108,106.82365196701929,-6.628984382623811,106.8235594436143
AK-21,-6.628984382623811,106.8235594436143,-6.6251405563857,106.8204843826238
AK-21,-6.6251405563857,106.8204843826238,-6.6250137320086395,106.82035924691144
AK-21,-6.6250137320086395,106.82035924691144,-6.621440753088558,106.81601373200864
AK-21,-6.621440753088558,106.81601373200864,-6.621173508893594,106.8159367544468
AK-21,-6.621173508893594,106.8159367544468,-6.620763245553205,106.81607350889358
AK-21,-6.620763245553205,106.81607350889358,-6.62064276011448,106.81607068025863
AK-21,-6.62064276011448,106.81607068025863,-6.616429319741361,106.81444276011447
AK-21,-6.616429319741361,106.81444276011447,-6.616240194963959,106.81437184635134
AK-21,-6.616240194963959,106.81437184635134,-6.615328153648657,106.81404019496395
AK-21,-6.615328153648657,106.81404019496395,-6.61515680602103,106.8139653364185
AK-21,-6.61515680602103,106.8139653364185,-6.611834663581495,106.81225680602103
AK-21,-6.611834663581495,106.81225680602103,-6.6116764026723915,106.81216056124595
AK-21,-6.6116764026723915,106.81216056124595,-6.608039438754045,106.80957640267239
AK-21,-6.608039438754045,106.80957640267239,-6.607886144668149,106.80945925899752
AK-21,-6.607886144668149,106.80945925899752,-6.60380074100248,106.80610614466815
AK-21,-6.570279014018564,106.81512677164282,-6.603610120605537,106.80598766691266
AK-23,-6.568826771642816,106.80922098598144,-6.570279014018564,106.81512677164282
AK-23,-6.570279014018564,106.81512677164282,-6.5704178550514625,106.81534028969007
AK-23,-6.5704178550514625,106.81534028969007,-6.57335971030994,106.81761785505147
AK-23,-6.57335971030994,106.81761785505147,-6.573594132154389,106.8177055421125
AK-23,-6.573594132154389,106.8177055421125,-6.576894457887504,106.8178941321544
AK-23,-6.576894457887504,106.8178941321544,-6.577070164641545,106.81792278812271
AK-23,-6.577070164641545,106.81792278812271,-6.579077211877297,106.81847016464154
AK-23,-6.579077211877297,106.81847016464154,-6.5793193117518,106.81847592566024
AK-23,-6.5793193117518,106.81847592566024,-6.581824074339764,106.81791931175181
AK-23,-6.581824074339764,106.81791931175181,-6.581993280096863,106.81769370407567
AK-23,-6.581993280096863,106.81769370407567,-6.581706295924331,106.81329328009686
AK-23,-6.581706295924331,106.81329328009686,-6.581772864460799,106.81305816249369
AK-23,-6.581772864460799,106.81305816249369,-6.581317188681518,106.81105318906486
AK-23,-6.581317188681518,106.81105318906486,-6.581192797683799,106.81089328266364
AK-23,-6.581192797683799,106.81089328266364,-6.580906717336369,106.80679279768381
AK-23,-6.580906717336369,106.80679279768381,-6.580942411020909,106.80687239228848
AK-23,-6.580942411020909,106.80687239228848,-6.58854753278177,106.80511736418981
AK-23,-6.58854753278177,106.80511736418981,-6.588437169531512,106.80505325220564
AK-23,-6.588437169531512,106.80505325220564,-6.588679699954399,106.80586168694859
AK-23,-6.588679699954399,106.80586168694859,-6.589012280915079,106.80609337268707
AK-23,-6.589012280915079,106.80609337268707,-6.592012670399383,106.80590584834431
AK-23,-6.592012670399383,106.80590584834431,-6.592308232215897,106.80561851782856
AK-23,-6.592308232215897,106.80561851782856,-6.592390125066689,106.80471769646984
AK-23,-6.592390125066689,106.80471769646984,-6.592316046804732,106.80489416515618
AK-23,-6.592316046804732,106.80489416515618,-6.595816338350077,106.80470496020779
AK-23,-6.595816338350077,106.80470496020779,-6.595888150712418,106.80510700749245
AK-23,-6.595888150712418,106.80510700749245,-6.600690662586034,106.80587540939224
AK-23,-6.600690662586034,106.80587540939224,-6.601271992443981,106.80554874291623
AK-23,-6.601271992443981,106.80554874291623,-6.601809245749741,106.80516499055497
AK-23,-6.601809245749741,106.80516499055497,-6.602109844309267,106.80470766683172
AK-23,-6.602109844309267,106.80470766683172,-6.603167676734816,106.79980317104054
AK-23,-6.603167676734816,106.79980317104054,-6.603101229349149,106.79969494740322
AK-23,-6.603101229349149,106.79969494740322,-6.604509344765375,106.79697259093187
AK-23,-6.604509344765375,106.79697259093187,-6.604560555127548,106.79633944487244
AK-23,-6.604560555127548,106.79633944487244,-6.604271495166792,106.79590585493132
AK-23,-6.604271495166792,106.79590585493132,-6.603968366820282,106.79531155050014
AK-23,-6.603968366820282,106.79531155050014,-6.597257266179622,106.79297725462513
AK-23,-6.597257266179622,106.79297725462513,-6.59656058067313,106.79307968191986
AK-23,-6.59656058067313,106.79307968191986,-6.5943478465086445,106.79390945723154
AK-23,-6.5943478465086445,106.79390945723154,-6.593752109885985,106.79429890138266
AK-23,-6.593752109885985,106.79429890138266,-6.59234923847222,106.79682406992745
AK-23,-6.59234923847222,106.79682406992745,-6.592404123760207,106.79768069870876
AK-23,-6.592404123760207,106.79768069870876,-6.592821363171346,106.79859862541326
AK-23,-6.592821363171346,106.79859862541326,-6.592832812965471,106.79816577476448
AK-23,-6.592832812965471,106.79816577476448,-6.591625083512801,106.80048833140422
AK-23,-6.591625083512801,106.80048833140422,-6.591600945762571,106.8012756780811
AK-23,-6.591600945762571,106.8012756780811,-6.591919718069361,106.80199291577138
AK-23,-6.591919718069361,106.80199291577138,-6.592429301637283,106.80165556292386
AK-23,-6.592429301637283,106.80165556292386,-6.591913130643286,106.80187677906413
AK-23,-6.591913130643286,106.80187677906413,-6.5918,106.80189999999999
AK-23,-6.5918,106.80189999999999,-6.5912999999999995,106.80189999999999
AK-23,-6.5912999999999995,106.80189999999999,-6.591184615384615,106.80187692307692
AK-23,-6.591184615384615,106.80187692307692,-6.590169230769231,106.80145384615385
AK-23,-6.590169230769231,106.80145384615385,-6.5898489033796555,106.80143516732326
AK-23,-6.5898489033796555,106.80143516732326,-6.5893412081691825,106.80158022309769
AK-23,-6.5893412081691825,106.80158022309769,-6.5893,106.80165857864377
AK-23,-6.5893,106.80165857864377,-6.588141421356238,106.8005
AK-23,-6.588141421356238,106.8005,-6.587938649206835,106.80037257912188
AK-23,-6.587938649206835,106.80037257912188,-6.5861274208781095,106.79973864920684
AK-23,-6.5861274208781095,106.79973864920684,-6.58588126684972,106.79972317266747
AK-23,-6.58588126684972,106.79972317266747,-6.583276827332535,106.80028126684972
AK-23,-6.583276827332535,106.80028126684972,-6.583070013263276,106.80034429139853
AK-23,-6.583070013263276,106.80034429139853,-6.581755708601452,106.80087001326328
AK-23,-6.581755708601452,106.80087001326328,-6.5816,106.8011
AK-23,-6.5816,106.8011,-6.5816,106.8017
AK-23,-6.5816,106.8017,-6.581589000814811,106.80171236906432
AK-23,-6.581589000814811,106.80171236906432,-6.576687630935676,106.80228900081481
AK-23,-6.576687630935676,106.80228900081481,-6.576461324950944,106.80242773500983
AK-23,-6.576461324950944,106.80242773500983,-6.575172264990189,106.80436132495095
AK-23,-6.575172264990189,106.80436132495095,-6.575078732187483,106.80442723931249
AK-23,-6.575078732187483,106.80442723931249,-6.574472760687512,106.80457873218748
AK-23,-6.574472760687512,106.80457873218748,-6.5742608030310015,106.80472498407136
AK-23,-6.5742608030310015,106.80472498407136,-6.572775015928641,106.806860803031
AK-23,-6.572775015928641,106.806860803031,-6.57266401997927,106.80696114856552
AK-23,-6.57266401997927,106.80696114856552,-6.5701388514344945,106.80836401997927
AK-23,-6.5701388514344945,106.80836401997927,-6.570217669681083,106.80842155354594
AK-23,-6.570217669681083,106.80842155354594,-6.570378446454055,106.80761766968108
AK-23,-6.570378446454055,106.80761766968108,-6.57028,106.80736
AK-23,-6.57028,106.80736,-6.56964,106.80688
AK-23,-6.56964,106.80688,-6.569382330318916,106.80682155354594
AK-23,-6.569382330318916,106.80682155354594,-6.569078446454054,106.80688233031893
AK-23,-6.569078446454054,106.80688233031893,-6.568944291398548,106.80687001326326
AK-23,-6.568944291398548,106.80687001326326,-6.568629986736725,106.80674429139854
AK-23,-6.568629986736725,106.80674429139854,-6.568384920708887,106.80688219949364
AK-23,-6.568384920708887,106.80688219949364,-6.568317800506347,106.8072849207089
AK-23,-6.568317800506347,106.8072849207089,-6.568332280082242,106.80752415318256
AK-23,-6.568332280082242,106.80752415318256,-6.568775846817443,106.80903228008225
